    17.972   -75.784
   -74.421    29.004
    79.038   -78.432
   -20.984    10.329
    20.010   -36.579
     3.148    26.310
    12.435   -41.948
    18.456     0.817
    71.736    51.655
    41.879   -48.185
     0.123   -11.208
    70.263   -57.630
   -40.761   -15.824
   -42.062    -3.837
     6.515   -29.273
     7.257    10.137
    41.270   -21.557
    13.392   -24.640
    54.204    58.325
    14.494    -1.544
    69.771   -61.436
    34.546   -16.324
   -29.217   -24.029
   -68.018   -32.188
    78.770    33.049
    39.639     4.578
   -58.087    39.130
    15.646   -10.063
    59.454   -67.123
   -30.174    63.663
   -17.805    30.780
    49.954    51.087
    13.563   -54.892
   -62.482   -76.489
    38.956     9.997
    11.881   -31.522
   -88.582    26.190
   -34.586   -31.090
   -13.213    37.629
   -59.893    81.533
     9.092    64.374
   -57.927   -33.420
   -52.382    15.356
   -85.212   -51.253
   -23.424     4.343
    74.331   -54.240
     0.628   -11.829
   -39.151    70.627
   -35.987    -0.991
    51.157   -57.431
    53.838   -40.794
    22.162     2.756
    -7.878    -7.450
   -32.031   -32.337
   -19.644    19.334
    37.404    47.560
   -33.437   -53.849
    18.047   -13.742
   -59.653    -7.336
    79.115    13.191
   -33.184    17.847
   -40.350   -57.366
    -3.811    66.404
   -58.216   -33.883
    41.366    27.309
   -38.790    60.902
   -74.012    24.480
     2.421    29.100
    38.144    44.889
     0.605   -73.443
   -15.681    -7.835
    29.455   -43.205
    47.844   -13.506
    60.387   -21.531
   -85.833    24.568
   -77.347   -12.645
   -36.958   -18.776
    33.474   -31.286
    11.131    30.460
    -1.666   -54.695
   -59.820    -7.985
   -30.698     4.607
   -25.292   -49.964
   -31.263    36.699
    64.806    69.354
     4.911    51.649
   -32.618   -13.764
    59.595   -73.193
    53.919   -47.740
   -10.109    54.515
   -26.425   -18.085
    -8.778   -31.579
    66.300    57.393
     5.254    44.730
    54.764    16.283
   -58.369   -30.984
   -31.647   -35.265
    11.710   -28.777
   -78.989    29.420
   -53.816    79.683
    12.375   -28.915
   -40.620   -52.558
    49.488   -53.932
   -75.479    24.822
    48.842    81.466
    11.689   -39.393
   -13.735    -1.057
   -57.773   -67.865
    -0.053    47.406
   -63.083    43.914
    56.108   -12.089
    45.951   -53.514
    75.002    33.479
   -61.626   -79.678
    16.302    25.092
    69.882    74.997
    -6.209   -15.738
    20.165    -7.448
   -46.260    79.871
   -37.289   -12.758
   -56.676    -8.227
    18.168   -31.335
   -10.343   -38.700
   -51.953     6.991
    20.605   -20.669
   -84.682   -20.423
   -61.900   -41.658
   -16.971   -32.650
   -11.371   -54.258
    36.799   -49.641
    58.190   -74.807
   -49.475    13.134
   -29.542    46.859
    79.003    88.056
    -0.645     3.780
    13.600    27.864
    -5.228   -16.062
    50.131    87.689
    10.629   -49.317
   -20.166   -28.636
   -69.554   -68.280
   -16.756     0.415
   -87.281    -1.713
   -80.135    56.604
   -42.708    47.353
   -22.629   -62.257
    23.932   -73.292
   -61.008   -21.750
   -79.609   -45.576
     6.173   -31.456
    15.101    25.389
   -63.341    -2.364
   -18.978    10.822
   -24.142   -22.875
   -56.734    41.686
    36.792    62.379
   -41.680    36.533
    45.018    42.859
    -5.390   -53.443
    -9.594   -29.788
    61.777   -42.291
   -67.517   -33.720
    41.308   -20.843
    21.460   -11.155
     7.375   -69.652
    71.372    75.336
     0.218   -22.893
    11.216   -54.411
   -33.591   -20.770
    42.560     8.610
     6.536    36.056
    -2.115     4.954
    79.986   -32.604
    59.121   -42.905
    18.682   -49.010
   -76.120   -19.470
   -13.147   -52.580
    34.668   -40.643
    66.285    86.243
    -2.462    26.282
   -68.521    -0.363
   -17.609   -22.895
   -19.474   -11.390
     2.519   -35.475
   -28.857    33.227
    58.621   -53.598
    20.293   -31.439
    63.880   -47.738
   -39.430     0.716
   -78.876    62.372
   -18.283    59.284
    18.849    19.729
    11.843    27.144
   -13.703    33.773
   -38.323   -52.648
    -3.235    26.736
    11.688   -30.600
   -30.755    88.467
    61.589    56.001
    77.828    84.562
    40.704    23.460
   -29.528    13.522
     3.398   -29.737
    62.032   -35.398
    -9.697   -50.569
    17.146    -2.029
    19.907   -11.050
    50.627   -66.336
   -75.470   -15.364
   -37.249   -31.830
   -26.678   -60.155
   -73.911    25.549
    62.566    -0.743
    -3.562    65.158
   -29.621    -8.332
    -3.235   -13.837
    64.560   -62.945
    57.919    45.166
    54.238   -59.475
    39.446    39.247
    71.152    16.602
   -21.512   -69.374
   -63.916   -33.277
     7.209   -28.778
     7.948   -56.763
   -27.970    14.701
    -2.097    26.391
   -10.813   -75.813
    73.605    57.189
    57.553    73.574
   -21.013    29.479
    28.236   -36.552
    67.693   -62.334
    47.505   -78.815
    50.138   -79.685
   -29.793   -32.173
   -18.565   -14.091
    31.954    32.272
    42.274    40.114
    27.029   -21.034
   -31.927   -25.637
    18.419   -33.142
   -24.314    31.285
   -22.540    53.240
    -9.679    31.345
    30.138   -53.095
   -30.680    11.335
    75.192   -54.509
    -2.990     5.116
    33.568    48.930
   -25.902   -65.286
    39.972   -35.530
   -58.938     7.655
     7.388    47.953
    54.637   -62.198
    65.573   -74.195
   -87.519    17.591
    20.380   -57.593
    64.141   -69.862
    27.331   -27.970
     6.949    65.748
    -7.901   -24.631
    39.023    22.375
    28.098    11.936
    76.587   -19.297
    79.473   -76.497
    54.834   -61.245
   -49.255   -74.380
   -20.509    45.009
   -80.376     0.028
   -28.750   -29.465
    28.695   -62.869
    25.485   -36.718
     4.272    15.774
    -6.309   -16.943
    34.015   -18.249
   -72.513   -25.501
   -56.115     3.999
     2.756   -27.518
    11.906   -34.855
    28.964   -56.290
   -48.543   -73.928
   -42.230    79.824
   -86.266   -70.210
    26.341   -26.782
    73.269    52.120
   -33.195   -17.024
   -78.385    19.361
   -61.649    53.779
   -16.170    79.922
   -47.258   -18.880
    17.927   -60.110
   -55.438   -51.524
    22.690    61.706
   -11.954   -64.602
    70.972   -52.708
   -45.567   -47.495
    36.217   -53.154
   -19.808   -36.301
    -1.152    13.537
     3.539    32.168
     9.742    37.053
    18.457    18.588
    11.470    47.462
   -18.387   -25.620
   -48.540   -44.632
     5.155   -52.604
   -18.826   -25.743
    78.584    18.309
    30.574    16.385
   -79.614    18.498
   -58.844   -16.620
   -29.120   -18.273
    39.418    34.843
     2.274    -4.258
   -23.864    -6.140
     3.998   -18.089
   -44.740   -27.108
    62.813    26.844
     6.592   -75.989
    38.467   -20.351
   -88.305   -62.903
    -1.233    51.098
    24.646    -1.440
   -57.156   -65.276
     9.596   -61.366
    51.793   -20.772
    46.924    -2.874
   -68.351    85.065
   -18.247    30.912
    15.223    25.430
    -9.967    21.531
    67.566    78.260
     1.268    20.191
   -35.959    54.733
   -66.021   -61.076
   -26.391    12.464
   -23.394   -36.414
    76.635   -43.950
    42.129    -0.078
     6.964    26.621
   -82.701     6.291
    33.974    20.880
   -11.796   -25.980
    73.828   -52.709
   -22.544   -75.135
   -28.636   -52.838
   -31.925   -51.475
    40.516     5.614
    36.318    40.463
    67.579   -14.528
   -32.540    11.787
    51.811    25.699
    44.258   -56.255
   -83.008    -1.121
   -10.745     9.067
    48.357   -65.538
     7.301   -28.531
    -3.966     7.174
    61.907   -51.671
    42.287    38.282
   -27.044   -68.623
   -28.559   -77.373
    52.670   -11.119
    52.077     8.711
    36.397    23.261
    56.313   -64.890
   -29.794   -37.244
   -16.920    17.316
    47.298    26.852
   -57.095    26.021
    26.391    43.466
    -2.963    20.894
    42.298   -56.903
     2.323   -71.432
    -4.934    17.669
    -4.625   -24.697
   -57.033   -60.648
    37.261   -64.260
   -25.953   -38.510
   -56.622   -55.562
   -25.038    25.612
   -23.731   -76.172
    39.982   -47.751
   -21.205   -42.833
    59.052    23.591
   -49.857    45.464
   -20.947   -32.985
    17.030   -37.167
    34.013   -50.641
   -73.575   -53.655
    38.583   -70.750
   -17.427    19.351
   -61.971    51.040
   -23.782   -70.053
   -72.889    86.048
    29.291    58.925
   -17.906   -26.715
    43.860     6.318
    10.127   -30.404
    31.379     4.582
    66.977   -75.611
     9.985    15.472
    52.695    83.742
   -22.168   -33.428
   -34.173   -21.516
   -28.194   -36.934
    27.612   -19.332
    24.733   -47.102
   -40.249   -29.131
   -46.442   -18.366
     3.418     6.259
    16.198   -33.051
   -71.762   -67.596
    35.825    12.117
   -26.991   -27.874
    28.671   -66.710
   -19.231    36.320
   -25.483   -38.087
   -79.929   -56.453
    -2.270    70.201
    35.345    -3.247
    10.781     7.505
   -42.127   -32.361
    -3.631   -37.605
    69.143   -75.848
    32.445   -22.159
     2.878    58.294
   -13.573    27.790
    70.200    79.463
    43.888    38.520
   -28.528   -43.648
     4.319    40.077
   -27.231    37.027
    52.333   -69.326
   -20.156   -27.824
   -15.258   -55.476
    -8.580    13.123
    47.729     0.094
   -37.934   -30.969
     5.684    67.430
     9.066   -36.182
   -58.900    39.971
   -11.526    70.479
    32.707   -62.201
    34.913   -70.981
    -0.660     1.962
   -38.295    66.518
    48.930    28.870
   -28.693   -28.329
   -77.883   -55.515
   -25.235   -54.708
   -34.869    -5.975
   -28.297    47.849
    11.710    89.284
   -57.429   -13.948
    59.886   -33.657
    68.489   -59.591
    36.230    49.662
   -35.062    30.413
    12.469    43.283
    26.949    75.651
    36.515    40.131
    65.378     4.451
   -65.728   -59.721
    46.068    37.837
   -31.089    42.431
     6.514    -8.820
    17.398    60.366
   -18.654    57.259
    61.721   -53.420
   -19.631    -0.285
   -52.626   -54.841
   -11.711    68.773
    47.605     3.547
    71.595    -3.877
   -33.778    61.700
     1.568   -64.888
   -72.711   -53.599
   -11.216   -27.867
    29.252    31.071
   -83.763    12.871
    68.999    31.581
   -47.066   -73.082
    56.151    53.016
    15.597    36.075
    60.464    10.481
   -57.289    46.815
    72.434   -65.302
    -7.754    28.536
   -81.419   -71.173
    78.781     4.065
   -60.557   -48.332
   -42.809   -59.502
   -89.215   -52.927
    79.676   -18.098
    -8.111    47.785
    31.624   -29.786
   -20.845    68.601
    29.236     0.034
    21.444   -21.100
    61.420    70.942
     5.323   -40.489
   -29.576    73.540
   -24.048   -25.898
    70.836    67.449
   -25.781    36.163
    68.810   -65.838
   -31.152   -42.244
    21.256    -9.249
    15.922   -49.994
    58.592    53.717
    -4.319    24.600
    -2.201    47.196
    18.753   -40.485
   -80.872    63.314
    56.935   -70.321
   -84.228   -43.942
   -11.146    -4.254
    33.690    -4.074
    45.654   -22.591
    10.917     6.594
   -24.466   -48.432
   -28.979   -44.096
    49.927   -45.882
   -15.683   -33.745
   -77.226    -3.703
    60.566    32.059
     0.444    44.732
   -38.047    35.054
    48.388   -44.510
   -82.404    30.180
    22.007    11.678
   -33.651   -33.947
     0.310   -42.608
   -39.039   -31.984
   -19.342   -18.001
   -51.271    81.852
    32.427   -49.027
    -6.700   -35.464
    54.719   -41.525
     9.870    35.356
   -19.487    24.837
    20.945    10.889
     0.941   -34.358
   -33.226    57.843
   -15.675   -11.381
    -2.909    43.331
   -89.836   -36.064
     9.478   -29.647
     6.247   -63.217
    38.021    35.660
   -12.475   -68.027
   -31.360   -21.753
    76.311   -74.040
    40.800    28.459
    -7.408    22.993
    23.603    39.856
    -4.191    42.719
   -57.236    31.482
    30.647   -79.215
   -35.135    58.247
    13.415   -46.595
    21.643    55.011
    78.963    35.554
    41.758   -76.839
   -17.618   -36.663
   -12.267    70.461
    51.165    83.593
   -69.087   -78.624
   -43.039    49.394
    38.774   -41.020
   -40.632   -19.173
   -16.929     6.073
    20.226   -43.512
    12.040    18.494
   -33.683   -32.282
    72.070    46.800
     0.694   -45.422
   -37.847    50.135
    10.432    64.527
   -62.960   -43.648
   -62.913    78.287
   -72.371    31.532
    -5.339    75.547
   -79.445    30.331
   -89.783   -73.870
   -49.154   -66.449
   -34.940   -31.909
   -57.283   -18.566
    16.707   -34.173
    19.484   -29.610
    -1.966    32.061
   -36.830    48.035
   -52.364   -75.022
    48.895   -66.815
    27.360   -40.405
    -4.561     7.401
     7.372   -23.620
    -6.525   -16.783
   -27.225   -26.654
    35.259   -56.512
    56.624   -35.025
   -53.960    69.285
    40.361    40.133
    16.105    34.200
    12.962    36.271
   -19.474   -61.789
    46.742   -21.088
   -15.689   -43.756
   -20.352    39.296
    44.739   -16.685
    15.160     4.732
    11.064   -25.310
    62.459   -55.706
    12.532    81.875
    44.930    38.806
    64.810   -55.448
    22.230    -7.144
    73.417   -40.812
    26.280    12.051
    67.709    22.453
   -69.558   -77.451
   -44.559   -74.487
    57.959   -70.548
    65.974   -72.140
   -85.292    11.475
    -9.946    38.482
     3.699    49.510
   -22.021    45.668
    67.274    -2.661
    32.956   -27.753
    69.613    41.368
   -21.717     3.508
   -46.205   -17.883
   -19.457   -29.877
   -49.878     4.642
    43.812     6.511
   -68.662    21.373
    -0.438   -57.965
    64.817    39.642
     5.651    82.454
    -8.777     6.472
   -14.020    36.776
   -64.333    70.099
   -35.890   -27.747
   -64.324    64.313
    48.748   -29.704
    17.272    16.475
    17.542    87.963
    30.424    -0.621
   -56.575   -78.158
    55.532   -30.941
    61.404     9.162
   -25.141   -23.472
   -26.322   -53.407
    31.212    59.020
    30.865    75.124
    13.666    53.702
    20.954   -18.295
    -2.171   -45.793
   -18.084    48.940
   -56.688   -78.949
    27.329    19.775
    61.254   -72.793
    73.379   -16.876
   -22.019    41.585
    48.667   -74.085
   -67.563   -67.052
    20.340   -39.020
   -14.910   -78.995
   -87.257    -6.257
     5.051   -14.436
    26.759   -31.499
   -57.111   -79.052
   -27.090    -9.165
     7.320    42.671
     4.852    46.366
    25.315    46.105
   -84.605    36.596
     5.810   -26.623
    78.808   -61.198
   -69.436   -53.548
   -41.336   -26.791
     0.604    -6.185
    -2.187   -42.310
    23.413    31.828
    48.929    38.006
   -26.052   -73.465
     7.023   -43.105
    53.892    59.756
   -64.470   -16.474
    -3.264    -6.198
   -40.400    62.968
   -46.278   -65.498
    -9.963   -41.890
    16.458   -28.966
     8.049    -5.582
   -56.421   -55.077
     4.469    58.776
   -68.642     1.306
   -31.369    32.692
   -43.374   -19.528
    -7.773   -22.079
   -87.796    27.546
   -77.136   -54.282
    13.034    24.356
    -8.779   -72.674
    13.345   -30.798
   -15.334    38.057
    16.504   -63.540
    52.408     4.965
    42.173   -64.166
   -37.763   -65.922
   -73.362    49.953
   -87.784   -13.430
    32.368    40.101
    39.281   -15.170
     0.253    26.414
   -13.212   -32.084
    58.773    30.982
     4.906   -34.346
    71.672     7.153
     8.686   -13.180
    27.920   -48.481
   -34.643   -72.387
    17.972     6.042
     8.116    26.196
   -27.161    59.278
    13.946   -62.012
    15.853   -17.193
    77.220   -35.792
   -53.307   -62.905
    -6.127   -42.806
   -41.339    79.941
   -11.038   -76.183
    54.422   -59.021
    45.452    68.641
   -56.032   -41.219
    -9.231   -12.151
    -4.743     0.474
     4.597   -31.626
    60.294   -12.099
    23.788   -16.432
   -22.331    35.197
   -87.394    29.803
    10.134   -33.972
    74.570   -22.267
    54.327   -78.303
    -5.879    85.106
     8.918   -26.090
   -86.754    57.949
   -79.372   -63.946
    15.992   -69.130
   -22.777    64.251
   -65.436   -10.258
    21.332   -20.783
    30.409    17.244
   -36.408    -4.912
    53.706     7.386
   -62.370    11.877
    37.525    87.434
    10.710     0.778
    12.051   -12.926
    35.816   -40.877
   -67.268    34.720
     7.887   -65.394
   -49.984   -67.726
    31.458    30.406
   -65.958    20.271
     1.771   -70.990
    74.805   -47.564
   -75.871    54.346
   -48.963   -62.433
     1.687   -29.010
     0.980     3.288
   -11.438    -8.635
    12.259   -28.131
    42.844    87.002
    65.303    44.736
    42.963   -20.361
   -19.777   -30.909
    -2.605    12.462
   -21.287    18.984
   -21.034    35.321
   -39.915   -62.090
    -4.922   -38.941
    23.195   -46.135
   -22.630    -8.506
     9.015   -27.503
   -31.457   -11.301
   -36.845   -41.986
   -40.561   -62.812
     7.191   -77.726
    15.477   -29.440
    44.154   -34.679
     6.339    27.330
    51.961   -32.007
   -75.028   -19.087
    63.718   -51.811
     6.484   -15.541
   -50.669   -69.837
     7.827    62.397
   -65.059    57.397
   -67.914    36.966
    17.371   -64.653
   -29.532    -2.877
   -48.040    17.745
    49.167    -1.406
   -63.764    86.434
     1.512   -48.608
   -58.782    16.683
   -80.449     1.614
    28.292    27.366
    37.612    -6.819
   -60.250     9.931
   -87.218   -34.008
     6.665   -29.823
    54.732   -43.891
    61.010    52.604
   -58.683   -51.312
   -25.593    11.427
    -3.622    87.377
   -63.716    74.022
   -78.335   -57.495
   -10.331    24.852
    46.628   -54.283
    45.045    17.049
    35.030    42.380
    44.010   -34.532
     4.678    85.395
    21.677    19.116
    69.961   -49.716
   -13.403   -56.635
   -23.735   -14.650
    38.593    29.874
   -37.801   -13.793
     8.969    89.151
   -81.207   -50.517
     1.967     8.382
     1.318    -9.401
    72.631    33.372
    38.213    41.509
    -2.951    48.515
    75.032   -79.396
    43.615    18.350
   -11.111    75.075
    71.796   -68.826
    31.589   -77.392
    -0.016   -20.221
   -60.629   -28.087
    16.269    23.765
   -82.838    34.058
   -22.824    -7.356
    10.425   -22.378
     8.959    39.141
   -29.750   -29.389
    69.696   -43.108
    40.692   -51.747
   -44.015   -15.720
   -22.084    30.769
   -35.651    -3.926
    64.935   -35.412
   -69.658   -53.019
    -5.515   -23.257
    -3.133    35.016
   -32.616   -42.245
    32.342    11.444
    79.314    10.640
    -2.239   -38.075
   -21.768   -24.457
   -23.310   -46.926
    12.003   -24.618
    34.472    16.393
   -15.908     5.106
    62.055    21.549
    -4.226    16.056
   -74.739    23.042
   -61.040   -33.517
    53.258    35.969
   -69.103    33.779
   -10.754   -35.061
   -73.774    54.476
   -29.123   -58.638
   -58.037    -4.251
   -44.914     6.940
   -29.992    59.725
   -63.393   -20.617
   -33.642    -6.022
    25.548   -15.949
    53.281    24.310
   -27.942   -14.807
    18.540   -33.945
   -17.398    34.157
   -55.220    35.592
   -18.440    31.065
     9.024   -61.646
   -49.554    49.279
   -15.080   -31.096
    11.835   -20.436
   -31.675   -30.722
    46.745    67.968
    -4.810    41.666
   -18.079     6.888
   -39.766   -53.653
   -15.599   -43.239
    13.298   -34.466
   -50.267   -15.902
   -61.028    -9.008
    45.999    25.419
   -81.219    -1.600
    76.833   -57.360
    37.919    72.819
   -19.846     0.331
   -77.482    37.695
    -5.370   -20.137
   -65.478    18.130
   -89.635   -37.259
   -86.202    19.439
    30.531   -17.759
   -26.980   -33.324
   -89.331    84.898
    58.528   -41.798
    -5.750   -41.419
   -14.849    47.040
   -13.688   -66.267
    56.406    61.883
    39.379   -18.467
    -4.358   -45.097
    18.003    30.359
    13.628    78.912
    17.495   -54.808
   -37.119   -72.371
   -29.545   -57.077
    64.968   -32.751
    -9.619    14.840
    57.785    16.851
   -83.236   -77.678
   -52.884    -3.475
   -80.351    22.680
    68.372    18.991
    -0.517   -14.853
   -84.545   -37.230
    75.009   -62.978
   -59.826   -64.479
    21.270    66.600
   -28.041    37.636
   -51.577    77.781
    49.143    33.179
   -15.767    56.033
    34.341   -36.123
   -73.169     4.132
    29.432    41.253
    46.728   -30.854
   -38.367    -9.517
   -76.751   -32.137
   -28.441    12.230
    37.510   -68.895
   -76.917   -13.245
    23.396   -66.826
   -14.749   -69.794
   -75.849   -57.580
   -12.364    31.104
    66.860    20.252
    -8.618   -45.191
   -65.030   -55.922
   -33.389    43.746
   -33.492   -33.697
    12.313   -76.320
     0.378   -57.001
   -38.396   -22.356
    11.848   -11.576
   -79.580   -13.161
    -1.215   -76.592
    72.661   -69.467
   -40.486    16.957
   -17.474    18.729
   -26.364   -38.192
    55.760   -33.375
    33.327    27.406
    38.599   -45.182
    27.116    33.715
    64.433   -51.708
     8.428   -45.824
    -6.550   -16.019
   -10.612    38.922
   -22.573     6.749
    76.278    -5.630
    55.770    43.165
    52.074   -72.205
    50.664   -74.398
    14.736    24.834
    36.250    56.142
   -32.317    36.449
    52.583    23.605
    19.883   -12.572
   -33.298    87.416
    61.379   -39.951
   -83.112    29.521
   -19.634    30.982
